0.0000 0.0000
0.1000 0.0000
0.2000 0.0000
0.3000 0.0000
0.4000 0.0000
0.5000 0.0000
0.6000 0.0000
0.7000 0.0000
0.8000 0.0092
0.9000 1.2966
1.0000 2.8217
1.1000 1.7839
1.2000 0.9890
1.3000 0.6607
1.4000 0.5777
1.5000 0.5945
1.6000 0.7515
1.7000 1.0011
1.8000 1.1890
1.9000 1.2870
2.0000 1.2440
2.1000 1.0753
2.2000 0.9231
2.3000 0.8175
2.4000 0.8350
2.5000 0.8999
2.6000 1.0105
2.7000 1.0934
2.8000 1.1165
2.9000 1.0873
3.0000 1.0216
3.1000 0.9677
3.2000 0.9241
3.3000 0.9302
3.4000 0.9576
3.5000 1.0039
3.6000 1.0481
3.7000 1.0613
