0.0000 0.0000
0.1000 0.0000
0.2000 0.0000
0.3000 0.0000
0.4000 0.0000
0.5000 0.0000
0.6000 0.0000
0.7000 0.0000
0.8000 0.0330
0.9000 1.5378
1.0000 2.6109
1.1000 1.6620
1.2000 0.9866
1.3000 0.6924
1.4000 0.6199
1.5000 0.6364
1.6000 0.7825
1.7000 1.0003
1.8000 1.1732
1.9000 1.2632
2.0000 1.2027
2.1000 1.0518
2.2000 0.9314
2.3000 0.8471
2.4000 0.8667
2.5000 0.9220
2.6000 1.0092
2.7000 1.0747
2.8000 1.0930
2.9000 1.0698
3.0000 1.0159
3.1000 0.9740
3.2000 0.9383
3.3000 0.9482
3.4000 0.9686
3.5000 1.0040
3.6000 1.0367
3.7000 1.0471
3.8000 1.0191
3.9000 0.9998
4.0000 0.0000
4.1000 0.0000
4.2000 0.0000
4.3000 0.0000
4.4000 0.0000
4.5000 0.0000
4.6000 0.0000
4.7000 0.0000
4.8000 0.0000
4.9000 0.0000
5.0000 0.0000
5.1000 0.0000
5.2000 0.0000
5.3000 0.0000
5.4000 0.0000
5.5000 0.0000
5.6000 0.0000
5.7000 0.0000
5.8000 0.0000
5.9000 0.0000
6.0000 0.0000
6.1000 0.0000
6.2000 0.0000
6.3000 0.0000
6.4000 0.0000
6.5000 0.0000
6.6000 0.0000
6.7000 0.0000
6.8000 0.0000
6.9000 0.0000
7.0000 0.0000
