0.0000 0.0000
0.1000 0.0000
0.2000 0.0000
0.3000 0.0000
0.4000 0.0000
0.5000 0.0000
0.6000 0.0000
0.7000 0.0000
0.8000 0.0002
0.9000 0.3070
1.0000 2.1016
1.1000 2.6025
1.2000 2.0849
1.3000 1.6316
1.4000 1.3684
1.5000 1.2262
1.6000 1.1534
1.7000 1.1070
1.8000 1.0987
1.9000 1.1150
2.0000 1.1294
2.1000 1.1771
2.2000 1.1207
2.3000 1.0992
2.4000 1.0697
2.5000 1.0424
2.6000 1.0290
2.7000 1.0160
2.8000 1.0142
2.9000 1.0119
3.0000 1.0566
3.1000 1.0064
3.2000 0.9937
3.3000 0.9899
3.4000 0.9895
3.5000 0.9852
3.6000 0.9780
3.7000 0.9891
3.8000 0.9684
3.9000 0.9681
4.0000 0.9676
4.1000 0.9677
4.2000 0.9677
4.3000 0.9803
4.4000 0.9701
4.5000 0.9712
4.6000 0.9777
4.7000 0.9793
4.8000 1.0115
4.9000 0.9760
5.0000 0.9752
5.1000 0.9730
5.2000 1.0039
5.3000 0.9765
5.4000 0.9758
5.5000 0.9720
5.6000 0.9717
5.7000 0.9720
5.8000 0.9744
5.9000 0.9741
6.0000 0.9885
6.1000 0.9787
6.2000 0.9821
6.3000 0.9848
6.4000 1.0100
6.5000 0.9877
6.6000 0.9900
6.7000 0.9901
6.8000 1.0069
6.9000 0.9883
