0.0000 0.0000
0.1000 0.0000
0.2000 0.0000
0.3000 0.0000
0.4000 0.0000
0.5000 0.0000
0.6000 0.0000
0.7000 0.0000
0.8000 0.0039
0.9000 0.4502
1.0000 1.4266
1.1000 1.5917
1.2000 1.4102
1.3000 1.2650
1.4000 1.1501
1.5000 1.0809
1.6000 1.0537
1.7000 1.0282
1.8000 1.0135
1.9000 1.0189
2.0000 1.0226
2.1000 1.0650
2.2000 1.0208
2.3000 1.0081
2.4000 1.0100
2.5000 1.0167
2.6000 1.0074
2.7000 1.0061
2.8000 1.0044
2.9000 1.0061
3.0000 1.0455
3.1000 0.9926
3.2000 0.9895
3.3000 0.9880
3.4000 0.9897
3.5000 0.9901
3.6000 0.9862
3.7000 1.0075
3.8000 0.9921
3.9000 0.9929
4.0000 0.9892
4.1000 0.9886
4.2000 0.9895
4.3000 0.9999
4.4000 0.9906
4.5000 0.9904
4.6000 0.9903
4.7000 0.9930
4.8000 1.0273
4.9000 0.9932
5.0000 0.9971
5.1000 0.9949
5.2000 1.0219
5.3000 0.9931
5.4000 0.9911
5.5000 0.9886
5.6000 0.9907
5.7000 0.9843
5.8000 0.9892
5.9000 0.9904
6.0000 1.0017
6.1000 0.9917
6.2000 0.9927
6.3000 0.9928
6.4000 1.0176
6.5000 0.9952
6.6000 0.9955
6.7000 0.9945
6.8000 1.0105
6.9000 0.9932
