0.0000 0.0000
0.1000 0.0000
0.2000 0.0000
0.3000 0.0000
0.4000 0.0000
0.5000 0.0000
0.6000 0.0000
0.7000 0.0000
0.8000 0.0000
0.9000 0.2986
1.0000 6.2226
1.1000 7.9500
1.2000 4.7252
1.3000 2.7857
1.4000 1.9457
1.5000 1.5979
1.6000 1.5159
1.7000 1.6114
1.8000 1.8149
1.9000 1.9857
2.0000 2.0398
2.1000 1.9851
2.2000 1.7087
2.3000 1.4413
2.4000 1.2528
2.5000 1.1355
2.6000 1.0815
2.7000 1.0753
2.8000 1.0664
2.9000 1.0446
3.0000 1.0508
3.1000 0.9621
3.2000 0.9104
3.3000 0.8615
3.4000 0.8275
3.5000 0.8113
3.6000 0.8077
3.7000 0.8174
3.8000 0.7988
3.9000 0.8003
4.0000 0.7977
4.1000 0.7991
4.2000 0.8059
4.3000 0.8232
4.4000 0.8219
4.5000 0.8310
4.6000 0.8400
4.7000 0.8521
4.8000 0.8998
4.9000 0.8765
5.0000 0.8826
5.1000 0.8990
5.2000 0.9364
5.3000 0.9126
5.4000 0.9170
5.5000 0.9216
5.6000 0.9269
5.7000 0.9340
5.8000 0.9411
5.9000 0.9484
6.0000 0.9654
6.1000 0.9662
6.2000 0.9761
6.3000 0.9814
6.4000 1.0103
6.5000 0.9902
6.6000 0.9902
6.7000 0.9949
6.8000 1.0102
6.9000 0.9970
7.0000 0.0000
