0.0000 0.0000
0.1000 0.0000
0.2000 0.0000
0.3000 0.0000
0.4000 0.0000
0.5000 0.0000
0.6000 0.0000
0.7000 0.0000
0.8000 0.0016
0.9000 0.4203
1.0000 1.6274
1.1000 1.7730
1.2000 1.4497
1.3000 1.2175
1.4000 1.0310
1.5000 0.9462
1.6000 0.9089
1.7000 0.9061
1.8000 0.9352
1.9000 1.0061
2.0000 1.0239
2.1000 1.0491
2.2000 1.0454
2.3000 1.0421
2.4000 1.0112
2.5000 0.9989
2.6000 0.9901
2.7000 0.9947
2.8000 0.9921
2.9000 0.9942
3.0000 1.0202
3.1000 1.0038
3.2000 1.0045
3.3000 1.0196
3.4000 0.9984
3.5000 0.9943
3.6000 0.9921
3.7000 0.9917
3.8000 0.9952
3.9000 0.9909
4.0000 1.0081
4.1000 0.9946
4.2000 1.0062
4.3000 0.9971
4.4000 0.9949
4.5000 1.0023
4.6000 0.9931
4.7000 0.9932
4.8000 0.9999
4.9000 0.9942
5.0000 1.0093
