0.0000 0.0000
0.1000 0.0000
0.2000 0.0000
0.3000 0.0000
0.4000 0.0000
0.5000 0.0000
0.6000 0.0000
0.7000 0.0000
0.8000 0.0112
0.9000 0.7985
1.0000 1.9821
1.1000 1.7882
1.2000 1.3109
1.3000 1.0217
1.4000 0.8604
1.5000 0.8232
1.6000 0.8027
1.7000 0.8535
1.8000 0.9417
1.9000 1.0507
2.0000 1.0996
2.1000 1.0961
2.2000 1.0559
2.3000 1.0035
2.4000 0.9679
2.5000 0.9713
2.6000 0.9605
2.7000 0.9893
2.8000 0.9931
2.9000 1.0056
3.0000 1.0121
3.1000 1.0177
3.2000 1.0043
3.3000 1.0095
3.4000 0.9908
3.5000 0.9973
3.6000 0.9873
3.7000 1.0008
3.8000 0.9957
3.9000 1.0000
4.0000 1.0058
