0.0000 0.0000
0.1000 0.0000
0.2000 0.0000
0.3000 0.0000
0.4000 0.0000
0.5000 0.0000
0.6000 0.0000
0.7000 0.0000
0.8000 0.0000
0.9000 0.1323
1.0000 2.4679
1.1000 2.9135
1.2000 1.6029
1.3000 0.9441
1.4000 0.6899
1.5000 0.6430
1.6000 0.6642
1.7000 0.8126
1.8000 1.0448
1.9000 1.2390
2.0000 1.3126
2.1000 1.3087
2.2000 1.1812
2.3000 1.0001
2.4000 0.8891
2.5000 0.8782
2.6000 0.9027
2.7000 1.0027
2.8000 1.0735
2.9000 1.1160
3.0000 1.1066
3.1000 1.0761
3.2000 1.0245
3.3000 0.9904
3.4000 0.9489
3.5000 0.9557
3.6000 0.9706
3.7000 1.0101
3.8000 1.0278
3.9000 1.0389
4.0000 1.0343
