0.0000 0.0000
0.1000 0.0000
0.2000 0.0000
0.3000 0.0000
0.4000 0.0000
0.5000 0.0000
0.6000 0.0000
0.7000 0.0000
0.8000 0.0015
0.9000 0.3782
1.0000 1.5885
1.1000 1.8325
1.2000 1.5900
1.3000 1.3686
1.4000 1.2137
1.5000 1.1170
1.6000 1.0669
1.7000 1.0394
1.8000 1.0323
1.9000 1.0403
2.0000 1.0450
2.1000 1.0912
2.2000 1.0525
2.3000 1.0332
2.4000 1.0269
2.5000 1.0254
2.6000 1.0153
2.7000 1.0150
2.8000 1.0167
2.9000 1.0241
3.0000 1.0578
3.1000 1.0151
3.2000 1.0136
3.3000 1.0045
3.4000 1.0008
3.5000 1.0043
3.6000 1.0032
3.7000 1.0206
3.8000 0.9988
3.9000 0.9966
4.0000 0.9958
4.1000 0.9967
4.2000 0.9944
4.3000 1.0049
4.4000 0.9914
4.5000 0.9959
4.6000 0.9966
4.7000 0.9978
4.8000 1.0333
4.9000 0.9973
5.0000 0.9972
5.1000 0.9982
5.2000 1.0279
5.3000 0.9989
5.4000 0.9923
5.5000 0.9902
5.6000 0.9899
5.7000 0.9889
5.8000 0.9880
5.9000 0.9927
6.0000 1.0000
6.1000 0.9918
6.2000 0.9907
6.3000 0.9920
6.4000 1.0170
6.5000 0.9928
6.6000 0.9940
6.7000 0.9899
6.8000 1.0072
6.9000 0.9896
