0.0000 0.0000
0.1000 0.0000
0.2000 0.0000
0.3000 0.0000
0.4000 0.0000
0.5000 0.0000
0.6000 0.0000
0.7000 0.0000
0.8000 0.0065
0.9000 0.5331
1.0000 1.5606
1.1000 1.6171
1.2000 1.3662
1.3000 1.1869
1.4000 1.0316
1.5000 0.9516
1.6000 0.9166
1.7000 0.9144
1.8000 0.9330
1.9000 1.0018
2.0000 1.0103
2.1000 1.0317
2.2000 1.0283
2.3000 1.0318
2.4000 1.0050
2.5000 0.9966
2.6000 0.9883
2.7000 0.9950
2.8000 0.9879
2.9000 0.9948
3.0000 1.0185
3.1000 1.0017
3.2000 1.0009
3.3000 1.0159
3.4000 0.9971
3.5000 0.9948
3.6000 0.9932
3.7000 0.9941
3.8000 1.0009
3.9000 0.9933
4.0000 1.0109
4.1000 0.9957
4.2000 1.0061
4.3000 0.9977
4.4000 0.9985
4.5000 1.0020
4.6000 0.9941
4.7000 0.9971
4.8000 1.0019
4.9000 0.9951
5.0000 1.0104
