0.0000 0.0000
0.1000 0.0000
0.2000 0.0000
0.3000 0.0000
0.4000 0.0000
0.5000 0.0000
0.6000 0.0000
0.7000 0.0000
0.8000 0.0001
0.9000 0.3085
1.0000 1.9479
1.1000 2.2287
1.2000 1.6885
1.3000 1.3099
1.4000 1.0607
1.5000 0.9554
1.6000 0.9133
1.7000 0.9316
1.8000 0.9834
1.9000 1.0849
2.0000 1.1329
2.1000 1.1635
2.2000 1.1397
2.3000 1.1101
2.4000 1.0591
2.5000 1.0309
2.6000 1.0160
2.7000 1.0256
2.8000 1.0244
2.9000 1.0374
3.0000 1.0661
3.1000 1.0456
3.2000 1.0416
3.3000 1.0503
3.4000 1.0223
3.5000 1.0172
3.6000 1.0097
3.7000 1.0049
3.8000 1.0138
3.9000 1.0088
4.0000 1.0257
4.1000 1.0088
4.2000 1.0183
4.3000 1.0037
4.4000 1.0023
4.5000 1.0071
4.6000 0.9975
4.7000 0.9957
4.8000 1.0011
4.9000 0.9925
5.0000 1.0066
5.1000 0.9910
5.2000 0.9884
5.3000 0.9862
5.4000 0.2813
5.5000 0.0000
5.6000 0.0000
5.7000 0.0000
5.8000 0.0000
5.9000 0.0000
6.0000 0.0000
6.1000 0.0000
6.2000 0.0000
6.3000 0.0000
6.4000 0.0000
6.5000 0.0000
6.6000 0.0000
6.7000 0.0000
6.8000 0.0000
6.9000 0.0000
7.0000 0.0000
