0.0000 0.0000
0.1000 0.0000
0.2000 0.0000
0.3000 0.0000
0.4000 0.0000
0.5000 0.0000
0.6000 0.0000
0.7000 0.0000
0.8000 0.0000
0.9000 0.3796
1.0000 3.4728
1.1000 2.3776
1.2000 0.9439
1.3000 0.5091
1.4000 0.4297
1.5000 0.4543
1.6000 0.6333
1.7000 1.0089
1.8000 1.3185
1.9000 1.3394
2.0000 1.3156
2.1000 1.2009
2.2000 0.9242
2.3000 0.7082
2.4000 0.6953
2.5000 0.8020
2.6000 1.0161
2.7000 1.1923
2.8000 1.2232
2.9000 1.1309
3.0000 1.0209
3.1000 0.9575
3.2000 0.8835
3.3000 0.8597
3.4000 0.8965
3.5000 0.9958
3.6000 1.0999
3.7000 1.1366
3.8000 1.0790
3.9000 1.0030
4.0000 0.0000
4.1000 0.0000
4.2000 0.0000
4.3000 0.0000
4.4000 0.0000
4.5000 0.0000
4.6000 0.0000
4.7000 0.0000
4.8000 0.0000
4.9000 0.0000
5.0000 0.0000
5.1000 0.0000
5.2000 0.0000
5.3000 0.0000
5.4000 0.0000
5.5000 0.0000
5.6000 0.0000
5.7000 0.0000
5.8000 0.0000
5.9000 0.0000
6.0000 0.0000
6.1000 0.0000
6.2000 0.0000
6.3000 0.0000
6.4000 0.0000
6.5000 0.0000
6.6000 0.0000
6.7000 0.0000
6.8000 0.0000
6.9000 0.0000
7.0000 0.0000
