0.0000 0.0000
0.1000 0.0000
0.2000 0.0000
0.3000 0.0000
0.4000 0.0000
0.5000 0.0000
0.6000 0.0000
0.7000 0.0000
0.8000 0.0025
0.9000 0.6101
1.0000 2.0254
1.1000 1.9110
1.2000 1.3614
1.3000 1.0275
1.4000 0.8482
1.5000 0.8017
1.6000 0.7768
1.7000 0.8299
1.8000 0.9299
1.9000 1.0496
2.0000 1.1132
2.1000 1.1157
2.2000 1.0728
2.3000 1.0073
2.4000 0.9653
2.5000 0.9606
2.6000 0.9483
2.7000 0.9833
2.8000 0.9879
2.9000 1.0079
3.0000 1.0184
3.1000 1.0242
3.2000 1.0104
3.3000 1.0099
3.4000 0.9881
3.5000 0.9921
3.6000 0.9842
3.7000 0.9987
3.8000 0.9968
3.9000 1.0021
4.0000 1.0082
