0.0000 0.0000
0.1000 0.0000
0.2000 0.0000
0.3000 0.0000
0.4000 0.0000
0.5000 0.0000
0.6000 0.0000
0.7000 0.0000
0.8000 0.0001
0.9000 0.3616
1.0000 2.0594
1.1000 2.1166
1.2000 1.4454
1.3000 1.0281
1.4000 0.8257
1.5000 0.7664
1.6000 0.7398
1.7000 0.8030
1.8000 0.9158
1.9000 1.0472
2.0000 1.1349
2.1000 1.1499
2.2000 1.0990
2.3000 1.0186
2.4000 0.9575
2.5000 0.9449
2.6000 0.9299
2.7000 0.9661
2.8000 0.9840
2.9000 1.0145
3.0000 1.0315
3.1000 1.0361
3.2000 1.0185
3.3000 1.0130
3.4000 0.9858
3.5000 0.9864
3.6000 0.9764
3.7000 0.9915
3.8000 0.9924
3.9000 1.0043
4.0000 1.0138
4.1000 1.0091
4.2000 1.0142
4.3000 0.9956
4.4000 0.9887
4.5000 0.0490
4.6000 0.0000
4.7000 0.0000
4.8000 0.0000
4.9000 0.0000
5.0000 0.0000
5.1000 0.0000
5.2000 0.0000
5.3000 0.0000
5.4000 0.0000
5.5000 0.0000
5.6000 0.0000
5.7000 0.0000
5.8000 0.0000
5.9000 0.0000
6.0000 0.0000
6.1000 0.0000
6.2000 0.0000
6.3000 0.0000
6.4000 0.0000
6.5000 0.0000
6.6000 0.0000
6.7000 0.0000
6.8000 0.0000
6.9000 0.0000
7.0000 0.0000
