0.0000 0.0000
0.1000 0.0000
0.2000 0.0000
0.3000 0.0000
0.4000 0.0000
0.5000 0.0000
0.6000 0.0000
0.7000 0.0000
0.8000 0.0009
0.9000 0.9172
1.0000 3.1209
1.1000 1.9850
1.2000 0.9817
1.3000 0.6045
1.4000 0.5190
1.5000 0.5357
1.6000 0.7094
1.7000 1.0052
1.8000 1.2264
1.9000 1.3106
2.0000 1.2880
2.1000 1.1165
2.2000 0.9168
2.3000 0.7769
2.4000 0.7840
2.5000 0.8651
2.6000 1.0133
2.7000 1.1275
2.8000 1.1539
2.9000 1.1053
3.0000 1.0253
3.1000 0.9635
3.2000 0.9049
3.3000 0.9016
3.4000 0.9381
3.5000 1.0052
3.6000 1.0682
3.7000 1.0863
