0.0000 0.0000
0.1000 0.0000
0.2000 0.0000
0.3000 0.0000
0.4000 0.0000
0.5000 0.0000
0.6000 0.0000
0.7000 0.0000
0.8000 0.0000
0.9000 0.1999
1.0000 3.6091
1.1000 4.1708
1.2000 2.3019
1.3000 1.3630
1.4000 0.9627
1.5000 0.8485
1.6000 0.8969
1.7000 1.1003
1.8000 1.3948
1.9000 1.6217
2.0000 1.6591
2.1000 1.6295
2.2000 1.4369
2.3000 1.2159
2.4000 1.0508
2.5000 1.0077
2.6000 1.0516
2.7000 1.1524
2.8000 1.2315
2.9000 1.2568
3.0000 1.2427
3.1000 1.1594
3.2000 1.0873
3.3000 1.0437
3.4000 0.9862
3.5000 0.9833
3.6000 1.0013
3.7000 1.0255
3.8000 1.0493
3.9000 1.0359
4.0000 1.0261
4.1000 0.9834
4.2000 0.9673
4.3000 0.9373
4.4000 0.9338
4.5000 0.9468
4.6000 0.9458
4.7000 0.9523
4.8000 0.9581
4.9000 0.9456
5.0000 0.9520
